,0,1,2,3,4,5,6,7,8,9,10,11,12,13,14,15,16,17,18,19,20,21,22,23,24,25,26,27,28,29,30,31,32,33,34,35,36,37,38,39,40,41,42,43,44,45,46,47,48,49,50,51,52,53,54,55,56,57,58,59,60,61,62,63,64,65,66,67,68,69,70,71,72,73,74,75,76,77,78,79,80,81,82,83,84,85,86,87,88,89,90,91,92,93,94,95,96,97,98,99,100,101,102,103,104,105,106,107,108,109,110,111,112,113,114,115,116,117,118,119,120,121,122,123,124,125,126,127,128,129,130,131,132,133,134,135,136,137,138,139,140,141,142,143,144,145,146,147,148,149,150,151,152,153,154,155,156,157,158,159,160,161,162,163,164,165,166,167
0,0,0,0,0,0,0,0,0,0,0,0,0,0,0,0,0,0,0,0,0,0,0,0,0,0,0,0,0,0,0,0,0,0,0,0,0,0,0,0,0,0,0,0,0,0,0,0,0,0,0,0,0,0,0,0,0,0,0,0,0,0,0,0,0,0,0,0,0,0,0,0,0,0,0,0,0,0,0,0,0,0,0,0,0,0,0,0,0,0,0,0,0,0,0,0,0,0,0,0,0,0,0,0,0,0,0,0,0,0,0,0,0,0,0,0,0,0,0,0,0,0,0,0,0,0,0,0,0,0,0,0,0,0,0,0,0,0,0,0,0,0,0,0,0,0,0,0,0,0,0,0,0,0,0,0,0,0,0,0,0,0,0,0,0,0,0,0,0
1,0,0,0,0,0,0,0,0,0,0,0,0,0,0,0,0,0,0,0,0,0,0,0,0,0,0,0,0,0,0,0,0,0,0,0,0,0,0,0,0,0,0,0,0,0,0,0,0,0,0,0,0,0,0,0,0,0,0,0,0,0,0,0,0,0,0,0,0,0,0,0,0,0,0,0,0,0,0,0,0,0,0,0,0,0,0,0,0,0,0,0,0,0,0,0,0,0,0,0,0,0,0,0,0,0,0,0,0,0,0,0,0,0,0,0,0,0,0,0,0,0,0,0,0,0,0,0,0,0,0,0,0,0,0,0,0,0,0,0,0,0,0,0,0,0,0,0,0,0,0,0,0,0,0,0,0,0,0,0,0,0,0,0,0,0,0,0,0
2,0,0,0,0,0,0,0,0,0,0,0,0,0,0,0,0,0,0,0,0,0,0,0,0,0,0,0,0,0,0,0,0,0,0,0,0,0,0,0,0,0,0,0,0,0,0,0,0,0,0,0,0,0,0,0,0,0,0,0,0,0,0,0,0,0,0,0,0,0,0,0,0,0,0,0,0,0,0,0,0,0,0,0,0,0,0,0,0,0,0,0,0,0,0,0,0,0,0,0,0,0,0,0,0,0,0,0,0,0,0,0,0,0,0,0,0,0,0,0,0,0,0,0,0,0,0,0,0,0,0,0,0,0,0,0,0,0,0,0,0,0,0,0,0,0,0,0,0,0,0,0,0,0,0,0,0,0,0,0,0,0,0,0,0,0,0,0,0
3,0,0,0,0,0,0,0,0,0,0,0,0,0,0,0,0,0,0,0,0,0,0,0,0,0,0,0,0,0,0,0,0,0,0,0,0,0,0,0,0,0,0,0,0,0,0,0,0,0,0,0,0,0,0,0,0,0,0,0,0,0,0,0,0,0,0,0,0,0,0,0,0,0,0,0,0,0,0,0,0,0,0,0,0,0,0,0,0,0,0,0,0,0,0,0,0,0,0,0,0,0,0,0,0,0,0,0,0,0,0,0,0,0,0,0,0,0,0,0,0,0,0,0,0,0,0,0,0,0,0,0,0,0,0,0,0,0,0,0,0,0,0,0,0,0,0,0,0,0,0,0,0,0,0,0,0,0,0,0,0,0,0,0,0,0,0,0,0
4,0,0,0,0,0,0,0,0,0,0,0,0,0,0,0,0,0,0,0,0,0,0,0,0,0,0,0,0,0,0,0,0,0,0,0,0,0,0,0,0,0,0,0,0,0,0,0,0,0,0,0,0,0,0,0,0,0,0,0,0,0,0,0,0,0,0,0,0,0,0,0,0,0,0,0,0,0,0,0,0,0,0,0,0,0,0,0,0,0,0,0,0,0,0,0,0,0,0,0,0,0,0,0,0,0,0,0,0,0,0,0,0,0,0,0,0,0,0,0,0,0,0,0,0,0,0,0,0,0,0,0,0,0,0,0,0,0,0,0,0,0,0,0,0,0,0,0,0,0,0,0,0,0,0,0,0,0,0,0,0,0,0,0,0,0,0,0,0
5,0,0,0,0,0,0,0,0,0,0,0,0,0,0,0,0,0,0,0,0,0,0,0,0,0,0,0,0,0,0,0,0,0,0,0,0,0,0,0,0,0,0,0,0,0,0,0,0,0,0,0,0,0,0,0,0,0,0,0,0,0,0,0,0,0,0,0,0,0,0,0,0,0,0,0,0,0,0,0,0,0,0,0,0,0,0,0,0,0,0,0,0,0,0,0,0,0,0,0,0,0,0,0,0,0,0,0,0,0,0,0,0,0,0,0,0,0,0,0,0,0,0,0,0,0,0,0,0,0,0,0,0,0,0,0,0,0,0,0,0,0,0,0,0,0,0,0,0,0,0,0,0,0,0,0,0,0,0,0,0,0,0,0,0,0,0,0,0
6,0,0,0,0,0,0,0,0,0,0,0,0,0,0,0,0,0,0,0,0,0,0,0,0,0,0,0,0,0,0,0,0,0,0,0,0,0,0,0,0,0,0,0,0,0,0,0,0,0,0,0,0,0,0,0,0,0,0,0,0,0,0,0,0,0,0,0,0,0,0,0,0,0,0,0,0,0,0,0,0,0,0,0,0,0,0,0,0,0,0,0,0,0,0,0,0,0,0,0,0,0,0,0,0,0,0,0,0,0,0,0,0,0,0,0,0,0,0,0,0,0,0,0,0,0,0,0,0,0,0,0,0,0,0,0,0,0,0,0,0,0,0,0,0,0,0,0,0,0,0,0,0,0,0,0,0,0,0,0,0,0,0,0,0,0,0,0,0
7,0,0,0,0,0,0,0,17434,0,0,17434,0,167,81,251,32,402,0,2127,0,81,1241,1404,1173,911,1653,50,392,113,134,21,1530,1880,287,0,3950,1577,3654,222,293,904,3823,476,0,2841,404,3725,300,1104,3820,2257,2756,1302,2862,2531,215,4956,2538,2331,2531,2599,8707,249,3139,8426,7057,2854,46,1898,921,1700,4331,2643,4507,12536,4716,7030,1410,10006,7319,5932,4242,8382,2562,14039,9362,5068,6320,7097,6642,8607,13106,5418,5638,12381,8866,11896,8849,5431,11971,9218,4131,2792,6387,11361,7573,6153,5409,7046,14423,11256,9310,6106,2200,4039,5699,14829,9046,1725,12759,15731,14950,7534,6460,12886,8869,12317,8981,8906,3886,7794,8250,9792,6306,7326,10960,17434,12121,7600,8905,5253,14286,12317,8062,13151,11803,9514,15030,8765,14296,11688,10443,15751,14876,11158,16848,13330,17110,14893,13364,17138,16088,16360,16804,17434,0,0,0
8,0,0,0,0,0,0,0,0,0,0,0,0,0,0,0,0,0,0,0,0,0,0,0,0,0,0,0,0,0,0,0,0,0,0,0,0,0,0,0,0,0,0,0,0,0,0,0,0,0,0,0,0,0,0,0,0,0,0,0,0,0,0,0,0,0,0,0,0,0,0,0,0,0,0,0,0,0,0,0,0,0,0,0,0,0,0,0,0,0,0,0,0,0,0,0,0,0,0,0,0,0,0,0,0,0,0,0,0,0,0,0,0,0,0,0,0,0,0,0,0,0,0,0,0,0,0,0,0,0,0,0,0,0,0,0,0,0,0,0,0,0,0,0,0,0,0,0,0,0,0,0,0,0,0,0,0,0,0,0,0,0,0,0,0,0,0,0,0
9,0,0,0,0,0,0,0,0,0,0,0,0,0,0,0,0,0,0,0,0,0,0,0,0,0,0,0,0,0,0,0,0,0,0,0,0,0,0,0,0,0,0,0,0,0,0,0,0,0,0,0,0,0,0,0,0,0,0,0,0,0,0,0,0,0,0,0,0,0,0,0,0,0,0,0,0,0,0,0,0,0,0,0,0,0,0,0,0,0,0,0,0,0,0,0,0,0,0,0,0,0,0,0,0,0,0,0,0,0,0,0,0,0,0,0,0,0,0,0,0,0,0,0,0,0,0,0,0,0,0,0,0,0,0,0,0,0,0,0,0,0,0,0,0,0,0,0,0,0,0,0,0,0,0,0,0,0,0,0,0,0,0,0,0,0,0,0,0
10,0,0,0,0,0,0,0,17434,0,0,29001,0,220,90,258,83,686,0,3345,0,96,1996,1866,1433,1830,1754,101,577,188,207,28,2428,2985,633,0,4845,2289,7277,232,313,1610,6268,1040,0,2962,662,4402,370,1310,4594,3378,4541,2729,4966,3849,296,7355,3867,3236,3848,3934,15083,334,4207,14756,12702,4219,130,3283,1208,2482,7140,4036,7083,18445,5613,12150,2195,16410,12874,7922,6928,14729,5009,20987,14053,8569,8608,9268,12302,15165,19515,8952,9006,17848,15553,17778,16104,6996,18647,15000,6251,4526,11572,18308,11322,10189,8108,10160,21398,19124,16103,11293,3787,6610,8649,22220,18418,2584,20539,24837,22650,10042,10095,20982,13342,18882,16008,15570,5771,13408,12594,17475,10379,12737,15894,27124,17766,11551,12380,7757,23735,18882,15193,21939,17437,18950,23132,13458,22186,19722,17211,23644,22972,18169,27351,20814,27539,23468,21091,27904,26606,27292,27547,29001,0,0,0
11,0,0,0,0,0,0,0,0,0,0,0,0,0,0,0,0,0,0,0,0,0,0,0,0,0,0,0,0,0,0,0,0,0,0,0,0,0,0,0,0,0,0,0,0,0,0,0,0,0,0,0,0,0,0,0,0,0,0,0,0,0,0,0,0,0,0,0,0,0,0,0,0,0,0,0,0,0,0,0,0,0,0,0,0,0,0,0,0,0,0,0,0,0,0,0,0,0,0,0,0,0,0,0,0,0,0,0,0,0,0,0,0,0,0,0,0,0,0,0,0,0,0,0,0,0,0,0,0,0,0,0,0,0,0,0,0,0,0,0,0,0,0,0,0,0,0,0,0,0,0,0,0,0,0,0,0,0,0,0,0,0,0,0,0,0,0,0,0
12,0,0,0,0,0,0,0,167,0,0,220,0,12959,12,30,62,169,0,810,0,11,282,583,12430,914,133,46,479,433,369,0,473,510,254,0,994,1626,2795,276,296,525,2167,606,0,392,420,1503,676,4741,914,871,1257,1467,1736,994,523,3867,996,1049,993,1010,4733,887,1214,7398,2838,1055,42,4882,1064,12959,6796,1236,3100,10462,1210,5343,1984,6022,6155,2144,2162,6714,1849,4192,3082,3554,2484,5457,4244,4462,7139,4420,12959,8572,7002,9437,8136,1954,6008,7007,12959,2090,3705,7347,4852,4158,3810,4361,8289,7823,5121,7820,2362,2908,3400,8706,5816,2794,9006,11270,12959,3303,12959,9048,6031,10418,5112,4937,4570,4624,6528,5623,4247,4721,5860,11658,5202,5861,6108,3719,10580,10418,8325,9662,9240,5905,12959,6192,9870,6360,6525,8291,9627,7999,12629,8192,11124,11919,9526,12959,11968,12153,12959,12677,0,0,0
13,0,0,0,0,0,0,0,81,0,0,90,0,12,5531,36,23,36,0,70,0,10,40,142,341,1459,89,103,56,29,6,0,72,125,56,0,3767,220,261,82,248,29,213,1606,0,109,170,754,122,398,184,337,206,2854,3527,275,179,516,529,838,254,419,384,197,873,2045,1049,5531,31,418,269,354,744,359,2053,1430,327,2195,1688,3761,2203,2400,3524,3446,3255,2421,1009,683,5531,2263,4109,3863,4248,1342,633,3986,3483,3404,983,497,3976,2306,783,300,4205,3025,2320,734,1528,1677,4369,4386,1446,2265,1399,1999,1278,4395,4196,1878,4459,4051,2645,2652,5531,3662,1230,4030,3596,4291,1526,4545,3586,3105,764,908,4581,4573,4554,3510,4385,2492,4812,4030,1445,3726,4525,4197,2998,3612,4300,4567,3318,4859,4664,4774,4906,4139,4924,4997,4189,5109,4782,4802,5133,5306,0,0,0
14,0,0,0,0,0,0,0,251,0,0,258,0,30,36,1775,114,63,0,338,0,10,172,253,220,48,251,9,197,92,7,0,45,49,233,0,132,108,176,5,24,40,180,67,0,69,39,86,102,121,534,67,129,227,462,51,58,1231,67,59,51,70,502,67,98,505,1015,111,16,111,141,224,1309,62,780,481,612,345,157,420,399,226,364,1156,228,679,466,344,284,1415,717,727,589,811,376,919,1216,882,1020,748,538,1099,356,237,686,1273,1775,389,1000,1342,777,790,1185,804,694,892,1034,796,872,239,1255,805,815,1775,502,1021,1630,1577,895,953,298,861,1379,635,415,364,1462,1542,914,985,1643,1232,825,1577,759,1361,1775,885,879,1453,1447,791,1620,1523,1729,1459,1187,1755,1161,1775,1653,1229,1508,1671,1775,1731,0,0,0
15,0,0,0,0,0,0,0,32,0,0,83,0,62,23,114,7163,91,0,2166,0,13,7163,815,393,106,965,43,64,212,58,3,126,129,838,0,318,257,402,75,88,76,317,217,0,745,131,196,116,286,3149,277,537,824,1239,283,177,5623,287,296,283,296,2032,179,341,1074,4414,348,14,292,311,451,4472,325,2341,1872,3439,957,326,1606,1468,630,1256,3057,768,2046,1390,702,734,5369,3026,3462,1767,1916,1155,2630,4141,2781,3304,4129,2385,4657,900,513,2673,5277,1778,869,4459,3711,2150,2239,5354,1385,1106,4029,4238,2327,4205,696,5173,2886,2524,4529,1401,1804,4016,5456,4846,4231,800,2933,5170,1612,947,879,4410,7163,3029,3523,5153,3963,2614,5456,1661,4567,6148,4383,2656,5221,5767,2159,6634,4914,5964,4412,3476,6673,3447,6730,6166,3648,3725,6091,7048,7163,0,0,0
16,0,0,0,0,0,0,0,402,0,0,686,0,169,36,63,91,20406,0,1256,0,100,1052,899,1482,1261,518,157,336,246,191,5,1439,1537,438,0,2464,1979,5321,92,165,768,3974,1145,0,326,479,1597,280,850,1532,2022,2360,1990,2604,2036,345,4899,2102,2204,2034,2112,6942,356,2182,11360,5450,2175,518,2056,1123,1828,4841,2104,3850,9584,1793,8698,1309,7640,9083,4199,5453,9357,4063,11568,8487,5296,4742,5380,7274,7978,10279,7372,5223,7921,10392,8747,11984,3145,11562,9773,3782,2394,7288,10294,6714,6191,5591,8206,11513,11439,8113,8726,4199,6443,6492,12266,11889,1709,12803,14873,12822,4994,5905,15255,8860,11708,9904,10879,3566,8252,9058,8383,6440,7797,7381,16375,10700,8361,6810,5399,14439,11708,11121,15575,10425,12284,13627,9999,12623,11789,11944,15591,14072,15792,16743,14651,16510,15072,15654,17932,18598,18997,18654,19690,0,0,0
17,0,0,0,0,0,0,0,0,0,0,0,0,0,0,0,0,0,0,0,0,0,0,0,0,0,0,0,0,0,0,0,0,0,0,0,0,0,0,0,0,0,0,0,0,0,0,0,0,0,0,0,0,0,0,0,0,0,0,0,0,0,0,0,0,0,0,0,0,0,0,0,0,0,0,0,0,0,0,0,0,0,0,0,0,0,0,0,0,0,0,0,0,0,0,0,0,0,0,0,0,0,0,0,0,0,0,0,0,0,0,0,0,0,0,0,0,0,0,0,0,0,0,0,0,0,0,0,0,0,0,0,0,0,0,0,0,0,0,0,0,0,0,0,0,0,0,0,0,0,0,0,0,0,0,0,0,0,0,0,0,0,0,0,0,0,0,0,0
18,0,0,0,0,0,0,0,2127,0,0,3345,0,810,70,338,2166,1256,0,75758,0,295,6092,2203,3311,2994,3292,486,1279,456,603,23,6714,7151,3636,0,11229,6674,16070,493,920,2413,10763,2917,0,3111,2383,6622,901,3190,11557,8829,10772,7633,7997,8995,1442,24736,9070,10573,8988,9376,29515,1486,8965,31496,21790,9614,528,5814,3262,4795,19300,10029,15309,46312,13501,26924,10304,37406,37893,19156,16532,40561,6001,50123,34188,20176,20742,21580,27991,34411,41144,27793,20837,33051,46001,37333,36671,17159,50205,56077,15187,11865,28798,64351,23069,22704,27951,22702,45211,55825,32679,25447,11207,23471,26860,47804,57790,11620,57206,61501,55079,22862,24482,51187,29162,49466,56569,55460,13366,25619,39303,31498,23026,33678,36647,70914,44050,21965,27991,21701,56066,49466,49680,57093,42108,58102,56690,37338,50279,40348,43459,59809,58080,47163,63962,48755,65092,58159,56784,66239,66944,71780,70523,75758,0,0,0
19,0,0,0,0,0,0,0,0,0,0,0,0,0,0,0,0,0,0,0,0,0,0,0,0,0,0,0,0,0,0,0,0,0,0,0,0,0,0,0,0,0,0,0,0,0,0,0,0,0,0,0,0,0,0,0,0,0,0,0,0,0,0,0,0,0,0,0,0,0,0,0,0,0,0,0,0,0,0,0,0,0,0,0,0,0,0,0,0,0,0,0,0,0,0,0,0,0,0,0,0,0,0,0,0,0,0,0,0,0,0,0,0,0,0,0,0,0,0,0,0,0,0,0,0,0,0,0,0,0,0,0,0,0,0,0,0,0,0,0,0,0,0,0,0,0,0,0,0,0,0,0,0,0,0,0,0,0,0,0,0,0,0,0,0,0,0,0,0
20,0,0,0,0,0,0,0,81,0,0,96,0,11,10,10,13,100,0,295,0,10026,107,210,1303,315,1792,119,406,135,15,2,453,487,244,0,2559,322,2624,74,120,3903,1069,806,0,8048,575,2864,208,1750,7308,720,1305,1072,520,709,1231,4250,714,1636,709,758,5742,1231,1751,3869,1795,773,22,923,1390,1393,1649,910,1796,4118,10026,3629,2519,2757,6236,4176,1240,5370,3418,4230,2318,2647,4311,3582,3134,3972,5230,3843,2964,2870,5470,7860,7200,10026,3522,5308,2188,2084,1739,5440,2189,3455,2042,3659,5461,4210,2903,3762,3449,2018,1863,5701,4164,3491,6779,7409,5436,4664,3340,6164,5091,6124,3582,2980,2229,3799,4316,6068,3501,4402,3974,9401,4000,3674,4456,3536,8085,6124,5639,7800,6424,4195,5859,5873,8820,6444,6103,6500,7083,6216,9280,7697,9192,8313,8122,9369,9150,9417,9569,9933,0,0,0
21,0,0,0,0,0,0,0,1241,0,0,1996,0,282,40,172,7163,1052,0,6092,0,107,53850,3109,2175,3164,1892,167,778,634,124,9,5472,5978,2459,0,5711,4911,13957,153,243,2600,12416,2546,0,1824,1322,5545,510,1259,5991,6814,10590,6484,7367,7239,781,16371,7287,5820,7248,7340,29967,795,7449,29798,21962,7775,594,6947,2255,3914,13090,7698,10848,30783,7037,22711,3151,26993,27663,12552,12778,30937,6885,31490,22274,17318,14072,17597,29468,28593,32698,16379,18983,25396,34026,28593,34361,10419,33012,29545,11514,8949,22868,33625,20508,19737,17193,16887,35366,36423,28760,19857,7472,15066,16841,36969,31318,4115,38488,41729,36265,15545,20820,35142,21606,30586,34626,35363,11139,23785,24752,31960,19950,23131,27503,48007,28705,16764,20330,13828,42303,30586,30770,39617,30918,45903,38009,23933,40474,35700,31498,41352,43727,35777,47355,34896,46934,42684,38144,48305,47070,50726,51300,53850,0,0,0
22,0,0,0,0,0,0,0,1404,0,0,1866,0,583,142,253,815,899,0,2203,0,210,3109,53252,3381,3189,1858,148,1414,965,216,24,5102,5533,1902,0,5176,3299,8704,361,565,1469,8729,3139,0,1816,1361,4561,1001,2418,4041,6447,7700,7459,14621,6665,1428,20229,6792,6249,6678,6901,19313,1494,6670,25493,19244,7239,937,6757,3027,5076,12957,7328,22585,30519,4770,16780,3937,29980,24115,11445,16525,31241,6592,33611,23101,12442,13256,15400,31874,27142,30851,20289,17024,37728,32758,29494,27286,8364,37732,24356,12514,6552,25633,26448,53252,14775,15984,28519,53252,41454,27004,21210,14529,16605,16182,53252,34752,5433,35741,41035,37378,53252,19230,37709,45999,33848,31270,32973,11302,28306,29733,27594,15308,22376,41821,44538,35510,16188,38235,25787,47592,33848,26378,41506,47467,35253,39260,35152,34363,42387,39722,46813,53114,43300,53252,51299,52955,53252,45912,53252,49699,50977,53252,52541,0,0,0
23,0,0,0,0,0,0,0,1173,0,0,1433,0,12430,341,220,393,1482,0,3311,0,1303,2175,3381,108342,6113,1534,623,2664,1425,672,28,10154,10666,1436,0,11826,6996,23258,900,1228,3169,14110,7695,0,5276,4312,14616,2882,68872,8166,13649,20009,12721,13633,13997,61603,27270,14128,17025,13907,14202,36150,62455,17448,52459,14440,15038,13640,37478,65373,108342,37406,16295,15296,49798,11673,42848,32836,53908,55989,29036,19555,53271,12592,41433,28432,27423,31238,31310,34197,35113,60811,33364,108342,61169,56000,69317,51039,18774,51002,43962,108342,16629,32577,45704,38863,31653,21397,33462,66002,62203,32334,47496,14195,19544,21318,71419,48467,85385,62366,77465,91144,26251,108342,83956,50362,59607,40745,41228,77275,46329,44290,79452,32552,73701,68319,85045,43269,42173,65877,19672,97882,59607,67935,82310,88574,49126,93210,39772,74425,68535,57525,69714,75316,66696,106138,68416,100890,104617,69914,108342,104238,104132,108342,107238,0,0,0
24,0,0,0,0,0,0,0,911,0,0,1830,0,914,1459,48,106,1261,0,2994,0,315,3164,3189,6113,113262,407,559,2038,1653,111,180,7660,7896,1489,0,11236,7995,46004,391,562,5188,18070,36966,0,2517,3680,9717,1837,5604,2833,9645,27448,34109,26091,9670,3423,19077,9829,12473,9753,9929,54649,4057,12603,92877,10896,11690,1655,16420,8048,7801,14050,10657,24132,63276,4214,113262,37671,80501,94513,21791,41694,71524,49746,66498,43543,31261,26434,19640,51259,52049,63779,41862,38804,58354,72985,64555,84041,7371,76478,64194,18642,18540,46851,66063,113262,36727,22602,31378,69184,77125,28023,46506,20798,28941,25153,73486,70628,40534,101529,105707,79332,20825,43006,98442,35907,56390,56014,57107,22000,76139,43727,93233,37136,87563,40733,106709,65321,29023,30932,31777,113262,56390,61314,93798,46951,71741,82916,55947,71020,101473,48506,86615,69568,76221,113262,63105,112089,71708,84169,113262,110033,109711,96492,112202,0,0,0
25,0,0,0,0,0,0,0,1653,0,0,1754,0,133,89,251,965,518,0,3292,0,1792,1892,1858,1534,407,30289,162,984,119,186,2,692,744,2193,0,1865,890,2399,303,342,1770,2890,940,0,9088,1078,1515,421,1350,28296,1091,2833,5300,5944,1264,896,13571,1283,1296,1259,1307,8872,855,1718,5237,22055,1406,693,2214,1363,1664,13424,1785,13044,7725,30289,4900,3760,5904,7746,3597,5838,13316,3337,9215,5467,5238,4183,14672,13853,17345,9742,9761,4813,8931,19543,13374,15729,30289,8676,29876,3064,2526,13958,30289,5605,5791,20564,11811,10871,11837,23694,7493,4853,18996,19639,11257,21544,4557,15288,14320,11096,17481,5574,10711,16709,27982,23865,20790,2743,14111,22652,7850,6030,6261,19388,23252,9570,16771,19289,19244,12667,27982,11520,28453,23799,21670,11709,24053,25710,12094,26628,17798,26479,16540,17838,25986,17604,27645,27392,18803,18865,29717,29645,30289,0,0,0
26,0,0,0,0,0,0,0,50,0,0,101,0,46,103,9,43,157,0,486,0,119,167,148,623,559,162,8764,167,204,68,40,440,474,122,0,750,780,1706,83,88,249,1082,840,0,244,245,702,278,645,531,569,1182,1621,1705,603,303,1832,612,705,603,611,2807,317,780,4078,1127,733,99,1018,726,707,1971,767,1193,3523,867,3373,735,3186,3586,1500,2365,3989,1552,3822,2083,7994,1757,2491,3240,3035,4469,2459,2134,3671,4239,4271,4184,1499,4049,4049,1471,949,3216,4341,2754,8141,1712,2492,4773,4523,2098,4168,1137,1581,1862,5069,3829,1150,4475,5769,4632,2431,2539,6464,3417,5474,3087,3447,1595,4250,3332,4335,8764,3951,3363,6449,3463,3581,2887,1418,5989,5474,5730,6548,4411,3880,5023,2816,6376,5683,5134,5655,6215,5780,7449,5882,7267,6419,5121,7842,8508,8459,7993,8661,0,0,0
27,0,0,0,0,0,0,0,392,0,0,577,0,479,56,197,64,336,0,1279,0,406,778,1414,2664,2038,984,167,37625,2292,287,2,3135,3305,692,0,5407,3349,6874,163,357,1252,4045,3042,0,1574,1373,6806,2048,2920,2997,4036,6201,3297,4111,4002,1348,26418,4039,5652,4001,4184,14945,1436,5710,17390,5593,4448,433,5216,3055,3579,27520,5357,5654,21843,4148,16510,3707,16743,17886,9913,10802,32275,4042,22237,18195,7917,11740,13474,12514,13605,21720,14289,11983,18553,32469,23464,21431,6317,25980,30197,9419,4387,11996,30907,14628,8815,8827,31502,24760,22704,12350,29202,6095,8489,8754,25945,18689,5067,35171,28903,26265,28165,14530,30672,18953,23302,18418,19658,9418,12726,17550,17539,9218,16220,18435,36157,29171,10969,25220,8990,28159,23302,31301,31417,31576,18911,28081,16395,25264,22542,30241,37625,28684,28459,33321,33760,33360,35522,26230,34537,36448,36731,37079,37267,0,0,0
28,0,0,0,0,0,0,0,113,0,0,188,0,433,29,92,212,246,0,456,0,135,634,965,1425,1653,119,204,2292,22097,1563,138,396,409,311,0,1266,3049,5332,172,217,420,2520,10288,0,356,646,1813,17474,2761,1010,718,1602,5336,7491,691,663,7497,701,1031,694,776,7182,686,1315,9734,2999,1805,314,15242,1870,1575,9796,1762,4836,9259,1454,9281,942,8074,8758,3561,4557,10284,6634,9404,5030,3437,4245,11238,13376,12453,10963,5803,6106,13323,10688,10489,9807,2966,8432,7875,21254,2145,9924,8085,19935,4609,7421,13383,11646,10982,21872,9614,6644,6631,5847,13340,11166,2247,11074,12319,11615,7043,21551,12702,15887,12812,11946,10739,21147,15513,14969,9825,5155,7273,15879,13911,13097,14913,18474,6866,13792,12812,8351,11607,20265,11276,22090,10972,11592,14852,13583,18716,13429,18904,17425,18585,17766,21249,15667,18610,18397,18952,21713,19942,0,0,0
29,0,0,0,0,0,0,0,134,0,0,207,0,369,6,7,58,191,0,603,0,15,124,216,672,111,186,68,287,1563,6895,34,165,172,210,0,458,198,395,57,72,123,333,210,0,303,200,174,628,6392,800,302,275,308,406,295,226,1208,299,334,295,317,1128,236,231,1244,1406,406,16,360,298,716,1418,383,3942,3287,950,801,366,1748,1502,756,972,2238,438,6105,6189,967,937,1665,1622,1982,1915,5159,1172,3048,2539,2151,3003,1396,5752,2541,1937,732,1767,3211,1498,1133,3943,2616,2200,5376,6895,1758,2201,4813,4858,2280,5540,616,2695,3789,6144,1980,2240,3604,3010,3040,5039,5279,1273,1257,3996,1786,1258,1684,2156,4182,5510,1571,2301,4217,3754,3040,2473,4367,3164,5550,6895,5353,2537,1852,3644,6415,3717,5896,4143,4394,6295,4735,6156,6400,5057,5572,5848,5873,0,0,0
30,0,0,0,0,0,0,0,21,0,0,28,0,0,0,0,3,5,0,23,0,2,9,24,28,180,2,40,2,138,34,712,32,32,2,0,22,91,276,58,58,7,396,56,0,7,27,35,73,83,9,402,121,181,65,406,9,93,461,334,406,462,241,27,336,209,151,477,14,130,151,31,76,419,286,348,19,396,164,251,348,361,114,246,187,313,118,246,489,182,205,150,276,113,326,241,248,304,352,41,217,201,535,367,206,218,593,685,138,238,329,306,625,242,137,171,121,375,315,243,436,449,461,137,712,411,269,342,201,219,640,312,305,341,712,316,521,477,271,170,315,141,487,342,286,414,453,317,686,386,384,405,277,462,374,506,590,373,562,604,493,607,531,549,657,605,0,0,0
31,0,0,0,0,0,0,0,1530,0,0,2428,0,473,72,45,126,1439,0,6714,0,453,5472,5102,10154,7660,692,440,3135,396,165,32,155306,155306,1740,0,35606,10119,26193,459,1202,5544,30099,9979,0,2418,6398,25310,810,8176,4837,148437,24771,14950,16499,147872,6414,33247,148480,124494,148080,148504,48167,6500,126808,74990,15904,155306,4230,81275,14158,14519,24066,148290,23506,89885,6562,53664,13742,74929,72146,144927,42559,82213,22021,65680,73121,53048,155306,33201,48651,53676,91450,63605,155306,76904,85077,78503,83554,12210,108931,66469,148932,30596,58440,68699,150342,60052,32002,41773,98995,109700,149331,60466,26441,31573,36366,153639,93964,20069,100921,124029,113758,29026,155306,132889,56845,74358,79377,86339,151247,69096,66220,100419,60587,95613,150824,132076,88955,28593,94672,36908,143222,74358,100065,133129,133252,95623,153275,73287,101920,124166,71232,120318,109435,100181,155254,85488,151942,152624,118434,155306,154097,153195,154522,155034,0,0,0
32,0,0,0,0,0,0,0,1880,0,0,2985,0,510,125,49,129,1537,0,7151,0,487,5978,5533,10666,7896,744,474,3305,409,172,32,155306,163158,2034,0,38476,10725,27621,2118,3105,5751,31290,11338,0,2769,6631,26254,2492,8566,5265,148604,25409,15645,17751,154518,6534,35264,156320,125069,154630,155222,50808,6649,129382,78237,17374,163158,4315,85839,14634,15086,25665,154900,25888,94673,7322,60260,14679,79229,75898,149804,44522,86324,24050,68590,77369,55061,163158,35993,52459,57474,95476,66705,163158,80416,89439,82776,88091,13365,114176,69679,155801,31706,61015,72379,157238,62331,34423,44354,103551,114805,156133,63631,27843,33447,38487,161068,98817,21159,106538,130114,119578,30565,163158,137523,60646,79053,83925,90887,159087,72355,69213,104227,62894,98971,157692,138591,93713,30200,99147,39066,150424,79053,104256,138780,139450,100534,160734,77232,106896,130244,75339,126458,114376,105487,163098,90456,159204,159979,124050,163158,161119,160627,162173,162762,0,0,0
33,0,0,0,0,0,0,0,287,0,0,633,0,254,56,233,838,438,0,3636,0,244,2459,1902,1436,1489,2193,122,692,311,210,2,1740,2034,31794,0,2601,2071,4528,186,253,903,2350,1484,0,1812,1329,3820,403,1249,14892,2147,3577,4876,4821,2422,628,10588,2468,3313,2436,2498,7417,629,4095,10955,13629,2641,278,2822,1185,1681,9537,3286,8593,11455,16425,9360,2184,9444,9678,6425,7827,14823,2461,12622,7333,4768,6900,12442,14023,14449,12867,8664,6836,10498,18816,11923,14420,31751,14959,18781,4699,2803,11718,19923,9948,5710,14265,11773,14269,12952,16356,11539,4393,13810,14481,14874,18719,2820,16206,16477,14547,14209,7933,15090,16499,22792,18867,17913,4169,13807,17975,9934,5922,8203,15692,23248,13384,14066,15444,12883,16235,22792,13859,21788,20685,18897,15259,18390,24781,14001,22619,22603,24555,24572,20218,24416,20199,26351,24855,21419,22855,28727,30138,31022,0,0,0
34,0,0,0,0,0,0,0,0,0,0,0,0,0,0,0,0,0,0,0,0,0,0,0,0,0,0,0,0,0,0,0,0,0,0,0,0,0,0,0,0,0,0,0,0,0,0,0,0,0,0,0,0,0,0,0,0,0,0,0,0,0,0,0,0,0,0,0,0,0,0,0,0,0,0,0,0,0,0,0,0,0,0,0,0,0,0,0,0,0,0,0,0,0,0,0,0,0,0,0,0,0,0,0,0,0,0,0,0,0,0,0,0,0,0,0,0,0,0,0,0,0,0,0,0,0,0,0,0,0,0,0,0,0,0,0,0,0,0,0,0,0,0,0,0,0,0,0,0,0,0,0,0,0,0,0,0,0,0,0,0,0,0,0,0,0,0,0,0
35,0,0,0,0,0,0,0,3950,0,0,4845,0,994,3767,132,318,2464,0,11229,0,2559,5711,5176,11826,11236,1865,750,5407,1266,458,22,35606,38476,2601,0,224866,14666,44872,1071,2875,9092,33434,14540,0,9119,8753,137263,2145,12599,12087,42361,52836,22541,21935,42730,7376,41176,44060,57960,42647,44387,106678,7578,46950,151439,24166,55683,3108,31257,14566,15967,34070,50123,32881,109355,24947,121212,32508,110249,122588,208781,48714,207861,31212,113317,76350,63880,224866,41279,63438,73794,146146,71271,93691,100617,208304,130484,114524,32126,121694,124762,58539,36726,73940,129272,128117,72246,39256,57918,155670,139183,72944,87683,37764,40747,42736,167743,113372,38641,206703,200069,142996,48320,108145,197448,78831,125340,93018,99965,63805,78399,94426,141797,73105,133874,116662,224866,107782,47378,68509,44030,195796,125340,141758,154088,114890,115649,157720,92530,149897,154676,104463,160130,173090,144392,216855,122427,206334,166598,159209,219880,221402,212163,208026,224866,0,0,0
36,0,0,0,0,0,0,0,1577,0,0,2289,0,1626,220,108,257,1979,0,6674,0,322,4911,3299,6996,7995,890,780,3349,3049,198,91,10119,10725,2071,0,14666,132273,39865,747,1021,4659,28482,48475,0,4708,4562,13440,3653,5652,7035,11897,26230,22624,19827,12231,4043,33888,12413,15802,12251,12515,60025,4436,16096,87737,21945,13534,2345,19268,8377,10608,27042,13349,23092,91830,8822,132273,9509,79512,92415,28912,39732,81897,19299,94070,50918,42105,31983,58764,70474,72875,78911,51347,43839,77498,84153,96562,90215,13810,90654,64875,25017,23326,50774,69188,132273,49445,30679,41377,132273,91474,43110,76425,26950,30778,31071,132273,76416,14658,110347,119001,103425,25467,47747,105531,54051,93161,69995,69815,25331,83914,55394,95091,50913,83729,89526,121586,76786,29222,56046,34297,132273,93161,89783,107053,86089,77659,106781,63760,99199,115384,64732,105917,126710,95228,132273,77975,130020,115146,98740,132273,128470,129524,132273,131843,0,0,0
37,0,0,0,0,0,0,0,3654,0,0,7277,0,2795,261,176,402,5321,0,16070,0,2624,13957,8704,23258,46004,2399,1706,6874,5332,395,276,26193,27621,4528,0,44872,39865,354474,992,1900,19163,72020,32144,0,7574,13955,55197,5825,18060,10750,33132,117892,58243,39282,33571,12742,82492,34024,56857,33568,34486,218055,13089,56611,331438,35537,37150,4685,55527,32057,43540,53677,40534,54145,221485,15226,354474,45525,266870,286117,93333,87139,261167,76668,223688,132150,114659,101868,57326,111289,120014,197820,129306,171209,172616,264124,215823,280297,26340,216006,231111,79161,64106,112083,234325,159493,134059,70387,97434,219113,230904,93649,154827,63798,71015,76042,231401,191924,58062,336057,349486,273018,52484,180163,333536,125859,181687,156315,165290,87859,158924,130578,256955,135522,252930,117170,350617,178159,71231,72143,77959,354474,181687,243971,301106,136370,197318,282515,158948,244144,270317,159377,261042,220938,232402,354474,190457,333196,227984,261357,354474,353005,348888,309264,354304,0,0,0
38,0,0,0,0,0,0,0,222,0,0,232,0,276,82,5,75,92,0,493,0,74,153,361,900,391,303,83,163,172,57,58,459,2118,186,0,1071,747,992,9074,9074,191,806,857,0,350,255,1105,9074,804,868,6018,1167,1787,1609,9074,388,2579,9074,3970,9042,9074,2241,398,4243,2670,1740,9074,57,5799,665,939,2836,9042,1826,3026,1326,2335,1019,2608,2215,5069,1818,3690,2344,2936,1736,1318,9074,3697,3716,3588,3587,2696,3862,3795,4260,3931,3497,1919,3296,4605,9074,897,2737,4972,9074,1766,2394,3001,4121,3756,9068,5025,1588,2393,2555,5162,4626,1719,3968,4338,3970,2569,9074,6053,6731,7174,3601,3668,9074,5089,4519,4025,1915,3512,9042,5931,3487,5261,8142,2368,5150,7174,4591,6892,9074,4661,9074,4081,6131,5334,6862,5680,5599,5752,7116,7511,6455,9074,6268,7350,7674,8460,9074,8759,0,0,0
39,0,0,0,0,0,0,0,293,0,0,313,0,296,248,24,88,165,0,920,0,120,243,565,1228,562,342,88,357,217,72,58,1202,3105,253,0,2875,1021,1900,9074,14661,404,1829,1123,0,445,441,2525,9125,6295,1215,11355,1706,2186,2129,9686,541,3947,10288,7139,9475,14591,4152,542,7124,5327,2543,14661,107,6428,1019,1333,3913,9619,2687,5070,1762,4156,1389,4768,3882,9130,2959,6725,2972,4970,4220,3174,14661,5794,5526,5320,6293,5169,5526,6541,7445,7311,6029,2598,5733,7245,14661,2025,4657,7768,11185,3903,3941,4237,7071,7020,10666,7019,2581,3778,4131,8650,7344,2342,7572,8244,6636,3720,14661,10489,8693,10298,5979,6267,11067,6628,8230,6049,4088,5533,10780,10358,6535,6540,10154,3783,9060,10298,8169,11038,12719,7427,14646,6775,9947,8593,9590,10040,9051,9973,11929,10517,10727,13877,10559,12330,12910,13693,14661,14173,0,0,0
40,0,0,0,0,0,0,0,904,0,0,1610,0,525,29,40,76,768,0,2413,0,3903,2600,1469,3169,5188,1770,249,1252,420,123,7,5544,5751,903,0,9092,4659,19163,191,404,67481,12390,3691,0,5866,2446,11947,546,3325,11537,7358,12086,6245,5654,7313,1985,14689,7381,11867,7345,7551,33157,1987,12561,43249,12317,7855,390,6976,3512,4169,10358,8532,10546,33400,12554,31652,5921,32630,48118,19569,11552,37270,10794,33192,22637,20330,21041,10101,17517,20279,35456,20690,20095,26937,38487,36453,41537,14586,33498,30464,11767,11761,18963,32046,23028,23848,11348,17393,38711,38966,21966,28098,8890,11877,12940,41941,33100,7923,44742,55191,41177,11240,22102,54980,25342,33204,27848,29082,12078,21753,22445,42053,24119,37667,20440,59067,28686,12005,11906,11884,64949,33204,48228,54471,24735,33997,44049,25947,51298,44966,33175,44321,41565,41022,63394,37627,59083,42515,44690,67481,65459,65649,58844,67156,0,0,0
41,0,0,0,0,0,0,0,3823,0,0,6268,0,2167,213,180,317,3974,0,10763,0,1069,12416,8729,14110,18070,2890,1082,4045,2520,333,396,30099,31290,2350,0,33434,28482,72020,806,1829,12390,256201,18060,0,5898,6953,35273,2957,9666,13302,38722,55686,27325,25858,38847,6289,55935,39126,44277,38870,39865,135035,6499,44929,164035,40957,41565,3373,34864,14927,21906,42328,43318,33858,145219,17741,124179,21697,134484,140747,75271,63928,148217,31802,142156,102885,189760,81381,52733,82294,90565,154280,78152,99301,122014,153791,135790,159689,27680,157767,124580,61564,42467,90345,129801,151854,253829,48695,69468,170891,164271,137301,110604,31935,46355,50981,183610,135855,28254,184440,216386,173958,52003,109078,228553,96206,137279,120622,126564,60641,101499,105043,157049,256201,147625,117644,226749,132416,63659,68951,37911,219597,137279,190169,226224,124865,140292,187937,86707,194218,178897,134462,190023,190972,169623,242513,150513,234181,189231,163385,247785,253542,254150,238166,255398,0,0,0
42,0,0,0,0,0,0,0,476,0,0,1040,0,606,1606,67,217,1145,0,2917,0,806,2546,3139,7695,36966,940,840,3042,10288,210,56,9979,11338,1484,0,14540,48475,32144,857,1123,3691,18060,119010,0,4790,4739,26787,10445,6219,5933,11630,23944,34515,38686,12779,4258,19966,12855,14071,12780,13045,33176,4640,15488,60088,15507,15199,4476,34531,6930,9580,19199,26126,24394,41664,8097,112086,46006,68942,64502,39636,47795,60851,45719,43006,28537,31623,45817,32901,69160,68200,67999,32739,40840,64961,62941,71266,53260,12315,67004,49869,30679,18796,59258,52124,110378,37284,21790,32099,93381,71306,41944,49019,22225,28076,22365,96458,63341,49481,70716,85434,53905,29562,51885,88874,41595,62312,49122,50077,31204,119010,48610,78825,38302,69761,70490,91783,54924,40353,53195,28841,115408,62312,56622,85324,71557,64087,65469,50161,69724,116408,55983,81650,96531,82301,117184,69763,115999,93121,80836,117586,111548,112109,110638,116281,0,0,0
43,0,0,0,0,0,0,0,0,0,0,0,0,0,0,0,0,0,0,0,0,0,0,0,0,0,0,0,0,0,0,0,0,0,0,0,0,0,0,0,0,0,0,0,0,0,0,0,0,0,0,0,0,0,0,0,0,0,0,0,0,0,0,0,0,0,0,0,0,0,0,0,0,0,0,0,0,0,0,0,0,0,0,0,0,0,0,0,0,0,0,0,0,0,0,0,0,0,0,0,0,0,0,0,0,0,0,0,0,0,0,0,0,0,0,0,0,0,0,0,0,0,0,0,0,0,0,0,0,0,0,0,0,0,0,0,0,0,0,0,0,0,0,0,0,0,0,0,0,0,0,0,0,0,0,0,0,0,0,0,0,0,0,0,0,0,0,0,0
44,0,0,0,0,0,0,0,2841,0,0,2962,0,392,109,69,745,326,0,3111,0,8048,1824,1816,5276,2517,9088,244,1574,356,303,7,2418,2769,1812,0,9119,4708,7574,350,445,5866,5898,4790,0,48462,2861,9826,603,5756,27834,3576,7100,8972,6418,3861,3767,11606,3889,5033,3865,3957,24181,3808,6949,16394,8168,4176,1280,5809,4735,5795,9421,6095,8803,22663,45939,19602,11126,20962,27669,14826,8506,26862,8172,26768,11845,14086,15668,14714,13406,18192,28308,19871,14269,25058,28023,39905,31335,48462,21242,27205,9583,8798,13527,28642,18119,15830,10642,15353,31096,24196,14114,16801,11383,9796,10025,32064,20274,14397,34347,41328,32153,20668,15582,31230,23220,35813,18110,15200,9253,22980,17800,26639,16281,20692,31403,44077,19611,13153,23238,16068,41033,35813,27122,38837,32421,20612,33323,27223,40762,35944,29887,30982,41942,26970,47512,33016,48265,41190,38463,48462,44578,46563,46492,48213,0,0,0
45,0,0,0,0,0,0,0,404,0,0,662,0,420,170,39,131,479,0,2383,0,575,1322,1361,4312,3680,1078,245,1373,646,200,27,6398,6631,1329,0,8753,4562,13955,255,441,2446,6953,4739,0,2861,63060,8940,786,3412,4914,7918,13328,6757,5860,7957,2283,14702,8067,10142,7991,8157,23327,2348,10344,33613,6806,8580,1194,10082,4008,5593,13395,10125,6622,26972,7796,25423,8388,26418,28643,18442,12117,34437,6393,26542,16662,60474,19650,13658,16236,17505,34665,18175,23185,28181,35659,30962,31415,11217,29461,29742,13687,7269,18922,30599,22808,61520,10129,16206,37333,33224,16950,27353,7743,9720,10636,40132,26025,10641,38775,46389,35014,13681,25164,52261,23132,34223,21486,21994,13679,22620,23345,32461,63060,31242,26376,51790,23924,15171,16565,8549,47460,34223,43902,49658,30038,26464,38483,19666,45335,40681,34356,40148,45237,37781,56414,35982,53503,45415,37767,58277,61725,61325,57194,62677,0,0,0
46,0,0,0,0,0,0,0,3725,0,0,4402,0,1503,754,86,196,1597,0,6622,0,2864,5545,4561,14616,9717,1515,702,6806,1813,174,35,25310,26254,3820,0,137263,13440,55197,1105,2525,11947,35273,26787,0,9826,8940,226884,2330,14802,11406,30620,76452,21713,18028,30111,10406,45854,30648,92003,30039,31382,104508,10192,100429,177071,20057,37509,4843,37035,20935,17854,32938,65519,29213,111840,22868,161348,37701,123663,146658,223160,40305,186182,30924,112095,62203,66755,226884,36252,67138,72680,140288,77026,103411,100797,187546,132053,119284,29924,108125,109201,47876,38825,71488,112314,171440,75770,39265,56035,149804,134672,59011,92044,41760,36570,39846,159596,102116,45718,202905,210078,143981,43004,111437,197718,80258,115267,83403,85719,57785,87310,95279,150166,76530,142791,99282,216938,98979,39065,56274,45943,214416,115267,146103,163097,101501,104688,155881,96978,156851,165662,101620,161312,161567,150293,226454,117347,206706,156813,165762,226884,223320,217405,203152,226329,0,0,0
47,0,0,0,0,0,0,0,300,0,0,370,0,676,122,102,116,280,0,901,0,208,510,1001,2882,1837,421,278,2048,17474,628,73,810,2492,403,0,2145,3653,5825,9074,9125,546,2957,10445,0,603,786,2330,27290,3694,1710,6590,2575,6506,8045,9602,868,9158,9623,4996,9572,9691,8645,1760,5317,11427,4246,10121,243,18445,2962,3054,12048,10063,5440,11101,2490,10057,1778,9466,10212,7708,5608,12740,8028,11506,5120,4219,12314,14047,15133,13870,13431,7321,8638,15207,13669,13390,11993,4407,10014,11512,27290,2454,11042,12020,27290,5647,8548,15268,14470,13275,26583,13881,7070,7765,7376,16135,13954,4228,13365,14748,14417,8510,27290,16424,21152,18645,13556,12662,27290,18565,17651,12495,6062,9694,23277,17714,14388,18374,25172,7748,16861,18645,12020,16051,27290,14069,27290,12879,16281,17856,19141,21304,17364,21896,21412,23669,21160,27290,19040,22992,22923,24060,27290,25148,0,0,0
48,0,0,0,0,0,0,0,1104,0,0,1310,0,4741,398,121,286,850,0,3190,0,1750,1259,2418,68872,5604,1350,645,2920,2761,6392,83,8176,8566,1249,0,12599,5652,18060,804,6295,3325,9666,6219,0,5756,3412,14802,3694,93819,7200,14840,21341,8807,9034,10294,61577,21661,10935,16702,10101,15462,31783,62435,16112,50748,9677,15978,1636,15214,67041,69194,20717,12387,13905,48685,11118,36679,14610,46629,46187,27606,15986,47417,10303,46712,28167,21389,31122,24766,21909,22822,44828,31764,75266,47493,49275,54799,47420,16766,48197,40816,77007,14215,24815,42402,33733,24848,19121,25848,48991,50088,28616,38474,14397,18479,21077,54609,41848,69440,56611,69314,88928,22138,80608,75025,35588,48508,34992,35803,72805,29383,37033,72549,25778,70807,57792,75850,41198,21181,54937,18733,82325,48508,61957,72176,72293,42272,92610,36251,64888,53078,47451,62575,59619,58176,88018,52808,89646,84810,61835,92699,90282,89541,89620,92233,0,0,0
49,0,0,0,0,0,0,0,3820,0,0,4594,0,914,184,534,3149,1532,0,11557,0,7308,5991,4041,8166,2833,28296,531,2997,1010,800,9,4837,5265,14892,0,12087,7035,10750,868,1215,11537,13302,5933,0,27834,4914,11406,1710,7200,122863,7331,11132,20125,14661,7550,4596,43862,7831,8585,7544,7884,45508,4533,10810,31460,47585,8371,1499,9961,6472,9204,40146,10188,39079,39146,122863,26737,13875,24233,38849,21563,21702,57790,11780,44083,27785,25447,23821,54318,44465,52442,47994,44307,23706,35196,72482,56160,61071,122863,42245,77755,17598,13961,39287,81711,28684,28942,54649,44191,53294,45842,59034,42300,23907,51581,57115,55573,71511,17822,62535,67178,53480,60375,27588,64369,63873,94684,68241,63536,15260,52353,61536,37692,29862,33660,69339,94307,43362,58464,66466,60424,61864,94684,57682,98998,87336,72080,57090,84332,100783,55791,90140,74522,103633,76258,79984,97692,80188,106839,105657,86199,95307,116431,118308,121665,0,0,0
50,0,0,0,0,0,0,0,2257,0,0,3378,0,871,337,67,277,2022,0,8829,0,720,6814,6447,13649,9645,1091,569,4036,718,302,402,148437,148604,2147,0,42361,11897,33132,6018,11355,7358,38722,11630,0,3576,7918,30620,6590,14840,7331,193697,29948,17778,19841,188637,8052,42420,189323,156008,188766,193683,62756,7870,156427,92077,21959,193697,5311,85591,15187,18706,32118,188909,29707,105356,10492,66821,16039,87094,83558,175987,49358,101341,25865,82404,89353,65998,193697,45538,60193,65110,110897,82802,160371,93629,105007,101521,102869,18017,126607,84077,193697,38336,70751,87112,166029,75760,41111,51468,120000,131816,189870,74718,33255,40524,46535,174751,115331,24067,122763,149299,133682,36688,193697,164123,72125,96578,96178,104750,190102,80085,91085,118760,76582,111408,189931,162730,109892,38213,121232,46168,168645,96578,124276,164945,169656,117389,193690,92122,126877,145275,91115,149822,133946,127024,188076,107332,182440,192931,149517,189320,190949,190393,193697,192905,0,0,0
51,0,0,0,0,0,0,0,2756,0,0,4541,0,1257,206,129,537,2360,0,10772,0,1305,10590,7700,20009,27448,2833,1182,6201,1602,275,121,24771,25409,3577,0,52836,26230,117892,1167,1706,12086,55686,23944,0,7100,13328,76452,2575,21341,11132,29948,298782,34936,28908,30021,14479,65711,30209,59969,30034,30524,173855,15848,60052,255796,30092,33333,14645,106709,62410,26871,45725,41219,39837,197773,15485,198598,60250,228138,264517,103309,53959,251248,38470,125117,88765,97938,108954,44425,80843,88074,184606,104887,298782,178971,253064,185471,168362,24776,155387,150092,56576,56563,91884,153015,141457,112423,57959,72790,200559,193356,75984,129185,50863,50938,55296,212450,136418,75400,267950,277534,237582,46804,298782,273509,103200,150399,114315,116227,116598,115986,113785,196599,113820,182525,112219,283243,124674,53664,64002,64873,298782,150399,204570,229279,121400,140813,243434,132190,207595,214728,137136,201280,209559,187968,298284,155531,279748,199763,221414,298782,295941,288686,268197,298017,0,0,0
52,0,0,0,0,0,0,0,1302,0,0,2729,0,1467,2854,227,824,1990,0,7633,0,1072,6484,7459,12721,34109,5300,1621,3297,5336,308,181,14950,15645,4876,0,22541,22624,58243,1787,2186,6245,27325,34515,0,8972,6757,21713,6506,8807,20125,17778,34936,199111,85669,18448,6419,51484,18662,21076,18514,18985,65205,6862,22609,110752,35658,22752,6152,41560,11641,15035,61368,24013,48164,66600,23451,99578,26140,102192,136673,42243,95577,101664,66097,68381,46601,49786,52929,95107,123853,115869,132557,56580,59943,110114,107736,144494,113752,32567,103011,97977,37426,29129,109249,102250,91789,57347,47298,69599,140204,118225,65996,91534,38319,58140,48254,144100,105735,32933,131581,142772,87109,68719,70200,150064,72832,130270,86981,89466,38662,199111,104945,118184,58698,103655,118543,165633,92112,118249,114542,58470,167303,130270,115220,154030,143596,107760,99159,93990,148259,173750,127392,141445,159968,146947,179147,148328,174998,171698,141202,181263,180849,189441,190414,195552,0,0,0
53,0,0,0,0,0,0,0,2862,0,0,4966,0,1736,3527,462,1239,2604,0,7997,0,520,7367,14621,13633,26091,5944,1705,4111,7491,406,65,16499,17751,4821,0,21935,19827,39282,1609,2129,5654,25858,38686,0,6418,5860,18028,8045,9034,14661,19841,28908,85669,209644,21045,5939,55818,21265,19472,21066,21696,55714,6423,21749,94350,47625,25625,7677,43228,11518,15982,80318,25533,63551,68418,20786,85359,28182,143678,91335,42003,114323,108708,67143,72828,53572,44775,56977,81884,151248,149512,151330,58413,57023,172573,115537,115347,91263,32896,123760,97721,42820,25824,151450,102650,89785,52433,57125,79071,159611,146839,78276,87136,41195,69583,55837,163723,121839,34512,118259,134745,90302,88182,69914,149371,83003,130422,102945,107520,42489,209644,125042,102052,54063,78812,142085,160375,110658,142902,140424,71077,175037,130422,96668,152089,168777,123463,104959,107166,139781,187057,138180,164096,177442,172243,191844,167900,190293,193563,152347,194484,187375,195882,206078,204072,0,0,0
